   500.00000    
   501.00000    
   502.00000    
   503.00000    
   504.00000    
   505.00000    
   506.00000    
   507.00000    
   508.00000    
   509.00000    
   510.00000    
   511.00000    
   512.00000    
   513.00000    
   514.00000    
   515.00000    
   516.00000    
   517.00000    
   518.00000    
   519.00000    
   520.00000    
   521.00000    
   522.00000    
   523.00000    
   524.00000    
   525.00000    
   526.00000    
   527.00000    
   528.00000    
   529.00000    
   530.00000    
   531.00000    
   532.00000    
   533.00000    
   534.00000    
   535.00000    
   536.00000    
   537.00000    
   538.00000    
   539.00000    
   540.00000    
   541.00000    
   542.00000    
   543.00000    
   544.00000    
   545.00000    
   546.00000    
   547.00000    
   548.00000    
   549.00000    
   550.00000    
   551.00000    
   552.00000    
   553.00000    
   554.00000    
   555.00000    
   556.00000    
   557.00000    
   558.00000    
   559.00000    
   560.00000    
   561.00000    
   562.00000    
   563.00000    
   564.00000    
   565.00000    
   566.00000    
   567.00000    
   568.00000    
   569.00000    
   570.00000    
   571.00000    
   572.00000    
   573.00000    
   574.00000    
   575.00000    
   576.00000    
   577.00000    
   578.00000    
   579.00000    
   580.00000    
   581.00000    
   582.00000    
   583.00000    
   584.00000    
   585.00000    
   586.00000    
   587.00000    
   588.00000    
   589.00000    
   590.00000    
   591.00000    
   592.00000    
   593.00000    
   594.00000    
   595.00000    
   596.00000    
   597.00000    
   598.00000    
   599.00000    
   600.00000    
   601.00000    
   602.00000    
   603.00000    
   604.00000    
   605.00000    
   606.00000    
   607.00000    
   608.00000    
   609.00000    
   610.00000    
   611.00000    
   612.00000    
   613.00000    
   614.00000    
   615.00000    
   616.00000    
   617.00000    
   618.00000    
   619.00000    
   620.00000    
   621.00000    
   622.00000    
   623.00000    
   624.00000    
   625.00000    
   626.00000    
   627.00000    
   628.00000    
   629.00000    
   630.00000    
   631.00000    
   632.00000    
   633.00000    
   634.00000    
   635.00000    
   636.00000    
   637.00000    
   638.00000    
   639.00000    
   640.00000    
   641.00000    
   642.00000    
   643.00000    
   644.00000    
   645.00000    
   646.00000    
   647.00000    
   648.00000    
   649.00000    
   650.00000    
   651.00000    
   652.00000    
   653.00000    
   654.00000    
   655.00000    
   656.00000    
   657.00000    
   658.00000    
   659.00000    
   660.00000    
   661.00000    
   662.00000    
   663.00000    
   664.00000    
   665.00000    
   666.00000    
   667.00000    
   668.00000    
   669.00000    
   670.00000    
   671.00000    
   672.00000    
   673.00000    
   674.00000    
   675.00000    
   676.00000    
   677.00000    
   678.00000    
   679.00000    
   680.00000    
   681.00000    
   682.00000    
   683.00000    
   684.00000    
   685.00000    
   686.00000    
   687.00000    
   688.00000    
   689.00000    
   690.00000    
   691.00000    
   692.00000    
   693.00000    
   694.00000    
   695.00000    
   696.00000    
   697.00000    
   698.00000    
   699.00000    
   700.00000    
   701.00000    
   702.00000    
   703.00000    
   704.00000    
   705.00000    
   706.00000    
   707.00000    
   708.00000    
   709.00000    
   710.00000    
   711.00000    
   712.00000    
   713.00000    
   714.00000    
   715.00000    
   716.00000    
   717.00000    
   718.00000    
   719.00000    
   720.00000    
   721.00000    
   722.00000    
   723.00000    
   724.00000    
   725.00000    
   726.00000    
   727.00000    
   728.00000    
   729.00000    
   730.00000    
   731.00000    
   732.00000    
   733.00000    
   734.00000    
   735.00000    
   736.00000    
   737.00000    
   738.00000    
   739.00000    
   740.00000    
   741.00000    
   742.00000    
   743.00000    
   744.00000    
   745.00000    
   746.00000    
   747.00000    
   748.00000    
   749.00000    
   750.00000    
   751.00000    
   752.00000    
   753.00000    
   754.00000    
   755.00000    
   756.00000    
   757.00000    
   758.00000    
   759.00000    
   760.00000    
   761.00000    
   762.00000    
   763.00000    
   764.00000    
   765.00000    
   766.00000    
   767.00000    
   768.00000    
   769.00000    
   770.00000    
   771.00000    
   772.00000    
   773.00000    
   774.00000    
   775.00000    
   776.00000    
   777.00000    
   778.00000    
   779.00000    
   780.00000    
   781.00000    
   782.00000    
   783.00000    
   784.00000    
   785.00000    
   786.00000    
   787.00000    
   788.00000    
   789.00000    
   790.00000    
   791.00000    
   792.00000    
   793.00000    
   794.00000    
   795.00000    
   796.00000    
   797.00000    
   798.00000    
   799.00000    
   800.00000    
   801.00000    
   802.00000    
   803.00000    
   804.00000    
   805.00000    
   806.00000    
   807.00000    
   808.00000    
   809.00000    
   810.00000    
   811.00000    
   812.00000    
   813.00000    
   814.00000    
   815.00000    
   816.00000    
   817.00000    
   818.00000    
   819.00000    
   820.00000    
   821.00000    
   822.00000    
   823.00000    
   824.00000    
   825.00000    
   826.00000    
   827.00000    
   828.00000    
   829.00000    
   830.00000    
   831.00000    
   832.00000    
   833.00000    
   834.00000    
   835.00000    
   836.00000    
   837.00000    
   838.00000    
   839.00000    
   840.00000    
   841.00000    
   842.00000    
   843.00000    
   844.00000    
   845.00000    
   846.00000    
   847.00000    
   848.00000    
   849.00000    
   850.00000    
   851.00000    
   852.00000    
   853.00000    
   854.00000    
   855.00000    
   856.00000    
   857.00000    
   858.00000    
   859.00000    
   860.00000    
   861.00000    
   862.00000    
   863.00000    
   864.00000    
   865.00000    
   866.00000    
   867.00000    
   868.00000    
   869.00000    
   870.00000    
   871.00000    
   872.00000    
   873.00000    
   874.00000    
   875.00000    
   876.00000    
   877.00000    
   878.00000    
   879.00000    
   880.00000    
   881.00000    
   882.00000    
   883.00000    
   884.00000    
   885.00000    
   886.00000    
   887.00000    
   888.00000    
   889.00000    
   890.00000    
   891.00000    
   892.00000    
   893.00000    
   894.00000    
   895.00000    
   896.00000    
   897.00000    
   898.00000    
   899.00000    
   900.00000    
   901.00000    
   902.00000    
   903.00000    
   904.00000    
   905.00000    
   906.00000    
   907.00000    
   908.00000    
   909.00000    
   910.00000    
   911.00000    
   912.00000    
   913.00000    
   914.00000    
   915.00000    
   916.00000    
   917.00000    
   918.00000    
   919.00000    
   920.00000    
   921.00000    
   922.00000    
   923.00000    
   924.00000    
   925.00000    
   926.00000    
   927.00000    
   928.00000    
   929.00000    
   930.00000    
   931.00000    
   932.00000    
   933.00000    
   934.00000    
   935.00000    
   936.00000    
   937.00000    
   938.00000    
   939.00000    
   940.00000    
   941.00000    
   942.00000    
   943.00000    
   944.00000    
   945.00000    
   946.00000    
   947.00000    
   948.00000    
   949.00000    
   950.00000    
   951.00000    
   952.00000    
   953.00000    
   954.00000    
   955.00000    
   956.00000    
   957.00000    
   958.00000    
   959.00000    
   960.00000    
   961.00000    
   962.00000    
   963.00000    
   964.00000    
   965.00000    
   966.00000    
   967.00000    
   968.00000    
   969.00000    
   970.00000    
   971.00000    
   972.00000    
   973.00000    
   974.00000    
   975.00000    
   976.00000    
   977.00000    
   978.00000    
   979.00000    
   980.00000    
   981.00000    
   982.00000    
   983.00000    
   984.00000    
   985.00000    
   986.00000    
   987.00000    
   988.00000    
   989.00000    
   990.00000    
   991.00000    
   992.00000    
   993.00000    
   994.00000    
   995.00000    
   996.00000    
   997.00000    
   998.00000    
   999.00000    
   1000.0000    
   1001.0000    
   1002.0000    
   1003.0000    
   1004.0000    
   1005.0000    
   1006.0000    
   1007.0000    
   1008.0000    
   1009.0000    
   1010.0000    
   1011.0000    
   1012.0000    
   1013.0000    
   1014.0000    
   1015.0000    
   1016.0000    
   1017.0000    
   1018.0000    
   1019.0000    
   1020.0000    
   1021.0000    
   1022.0000    
   1023.0000    
   1024.0000    
   1025.0000    
   1026.0000    
   1027.0000    
   1028.0000    
   1029.0000    
   1030.0000    
   1031.0000    
   1032.0000    
   1033.0000    
   1034.0000    
   1035.0000    
   1036.0000    
   1037.0000    
   1038.0000    
   1039.0000    
   1040.0000    
   1041.0000    
   1042.0000    
   1043.0000    
   1044.0000    
   1045.0000    
   1046.0000    
   1047.0000    
   1048.0000    
   1049.0000    
   1050.0000    
   1051.0000    
   1052.0000    
   1053.0000    
   1054.0000    
   1055.0000    
   1056.0000    
   1057.0000    
   1058.0000    
   1059.0000    
   1060.0000    
   1061.0000    
   1062.0000    
   1063.0000    
   1064.0000    
   1065.0000    
   1066.0000    
   1067.0000    
   1068.0000    
   1069.0000    
   1070.0000    
   1071.0000    
   1072.0000    
   1073.0000    
   1074.0000    
   1075.0000    
   1076.0000    
   1077.0000    
   1078.0000    
   1079.0000    
   1080.0000    
   1081.0000    
   1082.0000    
   1083.0000    
   1084.0000    
   1085.0000    
   1086.0000    
   1087.0000    
   1088.0000    
   1089.0000    
   1090.0000    
   1091.0000    
   1092.0000    
   1093.0000    
   1094.0000    
   1095.0000    
   1096.0000    
   1097.0000    
   1098.0000    
   1099.0000    
   1100.0000    
   1101.0000    
   1102.0000    
   1103.0000    
   1104.0000    
   1105.0000    
   1106.0000    
   1107.0000    
   1108.0000    
   1109.0000    
   1110.0000    
   1111.0000    
   1112.0000    
   1113.0000    
   1114.0000    
   1115.0000    
   1116.0000    
   1117.0000    
   1118.0000    
   1119.0000    
   1120.0000    
   1121.0000    
   1122.0000    
   1123.0000    
   1124.0000    
   1125.0000    
   1126.0000    
   1127.0000    
   1128.0000    
   1129.0000    
   1130.0000    
   1131.0000    
   1132.0000    
   1133.0000    
   1134.0000    
   1135.0000    
   1136.0000    
   1137.0000    
   1138.0000    
   1139.0000    
   1140.0000    
   1141.0000    
   1142.0000    
   1143.0000    
   1144.0000    
   1145.0000    
   1146.0000    
   1147.0000    
   1148.0000    
   1149.0000    
   1150.0000    
   1151.0000    
   1152.0000    
   1153.0000    
   1154.0000    
   1155.0000    
   1156.0000    
   1157.0000    
   1158.0000    
   1159.0000    
   1160.0000    
   1161.0000    
   1162.0000    
   1163.0000    
   1164.0000    
   1165.0000    
   1166.0000    
   1167.0000    
   1168.0000    
   1169.0000    
   1170.0000    
   1171.0000    
   1172.0000    
   1173.0000    
   1174.0000    
   1175.0000    
   1176.0000    
   1177.0000    
   1178.0000    
   1179.0000    
   1180.0000    
   1181.0000    
   1182.0000    
   1183.0000    
   1184.0000    
   1185.0000    
   1186.0000    
   1187.0000    
   1188.0000    
   1189.0000    
   1190.0000    
   1191.0000    
   1192.0000    
   1193.0000    
   1194.0000    
   1195.0000    
   1196.0000    
   1197.0000    
   1198.0000    
   1199.0000    
   1200.0000    
   1201.0000    
   1202.0000    
   1203.0000    
   1204.0000    
   1205.0000    
   1206.0000    
   1207.0000    
   1208.0000    
   1209.0000    
   1210.0000    
   1211.0000    
   1212.0000    
   1213.0000    
   1214.0000    
   1215.0000    
   1216.0000    
   1217.0000    
   1218.0000    
   1219.0000    
   1220.0000    
   1221.0000    
   1222.0000    
   1223.0000    
   1224.0000    
   1225.0000    
   1226.0000    
   1227.0000    
   1228.0000    
   1229.0000    
   1230.0000    
   1231.0000    
   1232.0000    
   1233.0000    
   1234.0000    
   1235.0000    
   1236.0000    
   1237.0000    
   1238.0000    
   1239.0000    
   1240.0000    
   1241.0000    
   1242.0000    
   1243.0000    
   1244.0000    
   1245.0000    
   1246.0000    
   1247.0000    
   1248.0000    
   1249.0000    
   1250.0000    
   1251.0000    
   1252.0000    
   1253.0000    
   1254.0000    
   1255.0000    
   1256.0000    
   1257.0000    
   1258.0000    
   1259.0000    
   1260.0000    
   1261.0000    
   1262.0000    
   1263.0000    
   1264.0000    
   1265.0000    
   1266.0000    
   1267.0000    
   1268.0000    
   1269.0000    
   1270.0000    
   1271.0000    
   1272.0000    
   1273.0000    
   1274.0000    
   1275.0000    
   1276.0000    
   1277.0000    
   1278.0000    
   1279.0000    
   1280.0000    
   1281.0000    
   1282.0000    
   1283.0000    
   1284.0000    
   1285.0000    
   1286.0000    
   1287.0000    
   1288.0000    
   1289.0000    
   1290.0000    
   1291.0000    
   1292.0000    
   1293.0000    
   1294.0000    
   1295.0000    
   1296.0000    
   1297.0000    
   1298.0000    
   1299.0000    
   1300.0000    
   1301.0000    
   1302.0000    
   1303.0000    
   1304.0000    
   1305.0000    
   1306.0000    
   1307.0000    
   1308.0000    
   1309.0000    
   1310.0000    
   1311.0000    
   1312.0000    
   1313.0000    
   1314.0000    
   1315.0000    
   1316.0000    
   1317.0000    
   1318.0000    
   1319.0000    
   1320.0000    
   1321.0000    
   1322.0000    
   1323.0000    
   1324.0000    
   1325.0000    
   1326.0000    
   1327.0000    
   1328.0000    
   1329.0000    
   1330.0000    
   1331.0000    
   1332.0000    
   1333.0000    
   1334.0000    
   1335.0000    
   1336.0000    
   1337.0000    
   1338.0000    
   1339.0000    
   1340.0000    
   1341.0000    
   1342.0000    
   1343.0000    
   1344.0000    
   1345.0000    
   1346.0000    
   1347.0000    
   1348.0000    
   1349.0000    
   1350.0000    
   1351.0000    
   1352.0000    
   1353.0000    
   1354.0000    
   1355.0000    
   1356.0000    
   1357.0000    
   1358.0000    
   1359.0000    
   1360.0000    
   1361.0000    
   1362.0000    
   1363.0000    
   1364.0000    
   1365.0000    
   1366.0000    
   1367.0000    
   1368.0000    
   1369.0000    
   1370.0000    
   1371.0000    
   1372.0000    
   1373.0000    
   1374.0000    
   1375.0000    
   1376.0000    
   1377.0000    
   1378.0000    
   1379.0000    
   1380.0000    
   1381.0000    
   1382.0000    
   1383.0000    
   1384.0000    
   1385.0000    
   1386.0000    
   1387.0000    
   1388.0000    
   1389.0000    
   1390.0000    
   1391.0000    
   1392.0000    
   1393.0000    
   1394.0000    
   1395.0000    
   1396.0000    
   1397.0000    
   1398.0000    
   1399.0000    
   1400.0000    
   1401.0000    
   1402.0000    
   1403.0000    
   1404.0000    
   1405.0000    
   1406.0000    
   1407.0000    
   1408.0000    
   1409.0000    
   1410.0000    
   1411.0000    
   1412.0000    
   1413.0000    
   1414.0000    
   1415.0000    
   1416.0000    
   1417.0000    
   1418.0000    
   1419.0000    
   1420.0000    
   1421.0000    
   1422.0000    
   1423.0000    
   1424.0000    
   1425.0000    
   1426.0000    
   1427.0000    
   1428.0000    
   1429.0000    
   1430.0000    
   1431.0000    
   1432.0000    
   1433.0000    
   1434.0000    
   1435.0000    
   1436.0000    
   1437.0000    
   1438.0000    
   1439.0000    
   1440.0000    
   1441.0000    
   1442.0000    
   1443.0000    
   1444.0000    
   1445.0000    
   1446.0000    
   1447.0000    
   1448.0000    
   1449.0000    
   1450.0000    
   1451.0000    
   1452.0000    
   1453.0000    
   1454.0000    
   1455.0000    
   1456.0000    
   1457.0000    
   1458.0000    
   1459.0000    
   1460.0000    
   1461.0000    
   1462.0000    
   1463.0000    
   1464.0000    
   1465.0000    
   1466.0000    
   1467.0000    
   1468.0000    
   1469.0000    
   1470.0000    
   1471.0000    
   1472.0000    
   1473.0000    
   1474.0000    
   1475.0000    
   1476.0000    
   1477.0000    
   1478.0000    
   1479.0000    
   1480.0000    
   1481.0000    
   1482.0000    
   1483.0000    
   1484.0000    
   1485.0000    
   1486.0000    
   1487.0000    
   1488.0000    
   1489.0000    
   1490.0000    
   1491.0000    
   1492.0000    
   1493.0000    
   1494.0000    
   1495.0000    
   1496.0000    
   1497.0000    
   1498.0000    
   1499.0000    
   1500.0000    
